{
  "height": 18,
  "width": 218,
  "x": 1087.8499755859375,
  "y": 1399.8499755859375
}